1000
10	10	2982.77	917.086	1361.17	1966.12	2293.62
20	10	3045.91	937.43	1391.18	2010.64	2346.55
30	10	3154.94	971.475	1439.49	2072.67	2432.68
40	10	3237.04	998.15	1477.57	2132.26	2498.87
50	10	3340.91	1031.74	1524.82	2204.45	2581.17
60	10	3487.75	1079.63	1591.18	2307.62	2696.09
70	10	3598.94	1115.97	1641.56	2388.05	2783.3
80	10	3707.65	1151.55	1690.77	2466.89	2868.46
90	10	3803.65	1183.59	1735.13	2542.67	2945.03
100	10	3904.19	1216.22	1780.23	2611.59	3023.67
110	10	3987.12	1242.75	1816.89	2663.94	3088.18
120	10	4081.18	1272.79	1858.78	2722.56	3162.34
130	10	4181.78	1305.65	1903.74	2793.8	3240.84
140	10	4310.37	1348.19	1961.22	2889.84	3339.81
150	10	4425.13	1386.02	2012.37	2973.88	3428.34
160	10	4538.43	1423.22	2062.61	3054.73	3515.64
170	10	4569.32	1431.16	2074.63	3054.13	3541.42
180	10	4591.46	1437.32	2086.87	3048.03	3564.45
190	10	4703.73	1474.07	2136.23	3128.42	3650.56
200	10	4820.6	1512.35	2187.41	3213.68	3739.82
210	10	4945.7	1553.11	2241.55	3305.25	3834.76
220	10	5056.87	1589.19	2289.81	3384.55	3919.68
230	10	5287.48	1660.4	2387.57	3517.99	4099.71
240	10	5414.41	1702.68	2443.75	3619.7	4196.5
250	10	5517.76	1735.49	2487.86	3689.36	4275.89
260	10	5553.22	1746.46	2502.71	3713.42	4303.39
270	10	5529.27	1738.49	2492.01	3696.45	4285.18
280	10	5443.13	1710.53	2454.47	3636.19	4219.24
290	10	5299.92	1664.59	2392.46	3539.17	4109.09
300	10	5099.32	1600.19	2305.49	3402.81	3954.59
310	10	4851.71	1520.19	2196.79	3229.79	3762.13
320	10	4581	1434.75	2079.98	3060.34	3551.39
330	10	4400.76	1375.97	2001.2	2931.18	3413.52
340	10	4220.74	1316.96	1922.25	2798.52	3276.03
350	10	4065.41	1266.03	1853.71	2685.27	3156.72
360	10	3950.85	1229.54	1804.37	2618.06	3069.06
370	10	4088.72	1275.05	1861.45	2725.77	3167.69
380	10	4020.61	1254.86	1832.45	2702.6	3112.38
390	10	3917.91	1221.25	1786.61	2631.56	3032.66
400	10	3807.75	1184.83	1736.77	2548.73	2946.75
410	10	3679.03	1142.15	1678.42	2449.64	2846.82
420	10	3584.55	1111.13	1635.12	2379.67	2771.75
430	10	3519.76	1089.79	1604.05	2328.39	2717.81
440	10	3452.68	1067.79	1572.13	2277.48	2662.3
450	10	3386.68	1046.08	1540.54	2225.62	2607.49
460	10	3321.63	1024.7	1509.43	2174.89	2553.45
470	10	3259.1	1004.24	1479.54	2127.2	2501.35
480	10	3200.54	985.212	1451.57	2084.27	2452.32
490	10	3280.78	1007.24	1485.74	2102.82	2520.12
500	10	3242.88	994.78	1467.57	2075.02	2488.64
10	20	2981.77	916.611	1360.43	1963.99	2292.53
20	20	3049.8	938.525	1392.55	2011.61	2349.1
30	20	3138.2	966.463	1432.87	2066.97	2420.49
40	20	3235.97	997.78	1477.37	2132.1	2498.5
50	20	3341.13	1031.79	1525.14	2205.16	2581.67
60	20	3451.43	1067.71	1575.15	2283.86	2668.36
70	20	3595.38	1114.78	1639.98	2386	2780.44
80	20	3705.5	1151.47	1690.48	2472.97	2866.73
90	20	3812.18	1186.28	1738.53	2548.47	2950.2
100	20	3887.59	1210.58	1772.37	2597.5	3010.04
110	20	3987.45	1242.79	1817.06	2663.2	3088.51
120	20	4080.16	1272.48	1858.48	2722.16	3161.76
130	20	4188.29	1307.87	1906.71	2798.46	3245.71
140	20	4300.13	1344.57	1956.44	2878.05	3332.1
150	20	4431.02	1388.28	2015.16	2980.31	3432.51
160	20	4545.94	1426.1	2066.14	3063.39	3520.87
170	20	4568.91	1431.03	2074.4	3053.92	3540.98
180	20	4584.04	1434.69	2083.56	3040.94	3559.04
190	20	4699.88	1472.67	2134.45	3124.54	3647.64
200	20	4821.24	1512.58	2187.64	3216.21	3740.14
210	20	4940.36	1551.44	2239.46	3301.48	3830.85
220	20	5057.83	1589.59	2290.35	3385.01	3920.35
230	20	5255	1651.76	2374.51	3510.32	4072.37
240	20	5409.71	1700.84	2440.71	3612.8	4191.45
250	20	5522.94	1737.08	2489.96	3693.19	4279.73
260	20	5564.47	1750.12	2507.45	3721.37	4311.62
270	20	5543.01	1742.91	2497.74	3705.68	4295.2
280	20	5458.43	1715.41	2460.78	3645.99	4230.38
290	20	5313.21	1668.49	2397.65	3544.97	4118.89
300	20	5085.94	1595.51	2297.81	3389.96	3940.96
310	20	4843.23	1517.99	2192.98	3228.98	3753.96
320	20	4574.69	1432.91	2077.69	3057.82	3547.07
330	20	4391.79	1373.29	1997.83	2927.11	3407.3
340	20	4221.74	1317.74	1923.36	2805.2	3277.28
350	20	4076.48	1270.6	1860.24	2707.03	3166.61
360	20	3944.41	1227.56	1802.06	2615.58	3064.99
370	20	4075.25	1270.73	1855.74	2717.48	3157.63
380	20	3995	1246.42	1821.36	2685.38	3093.53
390	20	3885.04	1210.31	1772.05	2606.47	3008.05
400	20	3803.17	1182.75	1734.69	2537.69	2944.34
410	20	3686.98	1144.71	1682.21	2454.76	2853.36
420	20	3573.98	1107.86	1630.94	2374.82	2764.3
430	20	3503.67	1084.71	1597.48	2319.71	2706.26
440	20	3434.12	1061.87	1564.31	2265.47	2648.68
450	20	3364.35	1039.12	1531.21	2213.75	2591.02
460	20	3294.51	1016.2	1498.01	2159.9	2533.37
470	20	3227.52	994.313	1466.18	2109.39	2477.89
480	20	3164.94	974.017	1436.45	2064.04	2425.77
490	20	3108.18	955.815	1409.5	2025.38	2378.06
500	20	3196.72	980.602	1447.54	2051.19	2452.44
10	30	2980.78	916.16	1359.71	1962.05	2291.44
20	30	3064.43	942.903	1398.37	2017.66	2359.65
30	30	3137.06	966.075	1432.59	2066.65	2419.98
40	30	3235.73	997.688	1477.47	2132.42	2498.62
50	30	3341.81	1032.01	1525.61	2206.13	2582.42
60	30	3453.01	1068.22	1575.98	2285.47	2669.72
70	30	3574.11	1108.14	1630.86	2375.81	2764.12
80	30	3702.58	1150.4	1689.1	2470.2	2864.42
90	30	3810.32	1185.58	1737.61	2546.56	2948.64
100	30	3886.71	1210.18	1772.03	2596.01	3009.55
110	30	3986.76	1242.49	1816.81	2662.16	3088.13
120	30	4074.24	1270.6	1856.07	2718.93	3157.51
130	30	4193.87	1309.78	1909.21	2802.46	3249.81
140	30	4308.45	1347.42	1960.12	2884.28	3338.12
150	30	4436.25	1390.25	2017.59	2985.73	3436.18
160	30	4553.21	1428.76	2069.42	3070.35	3525.94
170	30	4571.72	1431.97	2076.14	3056.04	3544.19
180	30	4579.11	1432.96	2081.37	3036.74	3555.41
190	30	4696.73	1471.53	2132.99	3121.6	3645.26
200	30	4814.13	1510.3	2184.79	3211.14	3735.05
210	30	4935.88	1550.03	2237.7	3298.33	3827.61
220	30	5062.6	1591.1	2292.33	3387.28	3923.83
230	30	5234.12	1645.94	2365.76	3504.26	4054.71
240	30	5383.3	1693.45	2429.67	3605.11	4169.25
250	30	5554.08	1746.57	2502.45	3708.83	4302.6
260	30	5597.94	1760.35	2520.87	3738.34	4336.15
270	30	5569.28	1750.65	2507.91	3716.68	4314.3
280	30	5464.85	1717.33	2463.39	3649.28	4235.26
290	30	5320.47	1670.64	2400.56	3548.39	4124.36
300	30	5075.1	1592.75	2293.7	3388.14	3932.17
310	30	4838.01	1516.65	2190.96	3227.95	3749.64
320	30	4570.32	1431.63	2076.1	3056.01	3544.12
330	30	4385.48	1371.4	1995.46	2924.21	3402.96
340	30	4213.15	1315.11	1920.1	2801.12	3271.41
350	30	4076	1270.56	1860.34	2708.32	3166.68
360	30	3941.9	1226.87	1801.35	2615.74	3063.65
370	30	4063.34	1266.9	1850.71	2710.04	3148.78
380	30	3970.68	1238.38	1810.87	2668.82	3075.78
390	30	3856.69	1200.96	1759.85	2587.42	2987.39
400	30	3813.48	1186.13	1739.42	2544.77	2952.36
410	30	3694.49	1147.14	1685.74	2459.56	2859.43
420	30	3563.97	1104.76	1627.02	2370.25	2757.29
430	30	3488.15	1079.81	1591.18	2311.38	2695.2
440	30	3413.26	1055.24	1555.71	2253.53	2633.68
450	30	3342.24	1032.23	1522.05	2202.07	2574.87
460	30	3267.66	1007.79	1486.8	2145.17	2513.68
470	30	3196.25	984.493	1453.05	2091.92	2454.87
480	30	3129.69	962.94	1421.6	2044.23	2399.71
490	30	3069.47	943.663	1393.14	2003.7	2349.32
500	30	3151.5	966.742	1428.09	2028.3	2417.31
10	40	2999.88	921.634	1367.12	1967.62	2305.36
20	40	3076.94	946.661	1403.3	2022.87	2368.54
30	40	3136.87	966.007	1432.65	2066.88	2420.06
40	40	3236.17	997.825	1477.8	2133.12	2499.14
50	40	3342.84	1032.34	1526.19	2207.28	2583.35
60	40	3460.02	1070.74	1579.31	2292.93	2675.01
70	40	3574.23	1108.11	1630.95	2375.66	2764.29
80	40	3687.68	1145.25	1682.15	2457.58	2852.85
90	40	3808.2	1184.8	1736.6	2544.59	2946.95
100	40	3885.68	1209.74	1771.61	2594.41	3008.94
110	40	3985.84	1242.12	1816.44	2660.99	3087.58
120	40	4070.26	1269.33	1854.46	2716.8	3154.7
130	40	4189.02	1308.25	1907.01	2800.49	3245.88
140	40	4315.19	1349.74	1963.08	2889.38	3342.93
150	40	4440.71	1391.9	2019.6	2989.97	3439.27
160	40	4560.36	1429.63	2070.83	3055.26	3530.76
170	40	4571.78	1432	2076.19	3056.17	3544.25
180	40	4595.34	1439.33	2089.46	3060.55	3567.74
190	40	4694.37	1470.68	2131.89	3119.68	3643.47
200	40	4808.62	1508.51	2182.57	3207.23	3731.12
210	40	4942.97	1552.42	2240.85	3303.97	3833.02
220	40	5065.83	1592.12	2293.65	3388.78	3926.14
230	40	5216.52	1640.99	2358.54	3498.94	4040.32
240	40	5359.67	1686.79	2420	3597.89	4150.05
250	40	5575.23	1753.08	2511.01	3719.84	4318.15
260	40	5608.9	1763.23	2524.72	3740.16	4344
270	40	5586.04	1755.6	2514.44	3723.8	4326.53
280	40	5498.54	1727.2	2476.32	3662.7	4259.57
290	40	5322.69	1671.32	2401.56	3549.81	4126.22
300	40	5063.39	1589.66	2289.29	3385.52	3923.06
310	40	4831.84	1515	2188.6	3226.39	3744.8
320	40	4568.16	1430.99	2075.32	3055.12	3542.67
330	40	4389.36	1372.7	1997.27	2927.36	3406.07
340	40	4207.94	1313.52	1918.16	2798.8	3267.91
350	40	4078.69	1271.53	1861.72	2711.6	3168.98
360	40	3943.26	1227.41	1802.21	2618.35	3065.05
370	40	4052.73	1263.5	1846.25	2703.58	3140.92
380	40	3949.89	1231.47	1801.87	2654.19	3060.64
390	40	3830.86	1192.41	1748.76	2569.86	2968.68
400	40	3822.6	1189.14	1743.58	2551	2959.4
410	40	3701.31	1149.35	1688.92	2463.9	2864.89
420	40	3554.84	1101.94	1623.45	2366.11	2750.95
430	40	3473.59	1075.22	1585.3	2303.56	2684.9
440	40	3393.43	1048.93	1547.57	2242.21	2619.51
450	40	3320.88	1025.58	1513.25	2190.81	2559.39
460	40	3241.66	999.649	1476.01	2131	2494.76
470	40	3165.94	974.976	1440.41	2075.12	2432.73
480	40	3095.48	952.195	1407.28	2025.18	2374.62
490	40	3031.86	931.868	1377.36	1982.85	2321.61
500	40	3108.26	953.518	1409.65	2006.82	2383.99
10	50	3006.96	923.742	1369.84	1970.35	2310.26
20	50	3086.89	949.656	1407.18	2027.05	2375.5
30	50	3137.43	966.187	1432.97	2067.51	2420.57
40	50	3237.12	998.135	1478.3	2134.09	2499.94
50	50	3344.11	1032.76	1526.84	2208.54	2584.38
60	50	3460.05	1070.7	1579.35	2292.74	2675.09
70	50	3574.27	1108.07	1631	2375.47	2764.38
80	50	3687.73	1145.22	1682.2	2457.43	2852.95
90	50	3802.87	1182.59	1733.98	2534.72	2943.26
100	50	3899.39	1213.98	1777.46	2601.09	3019.24
110	50	3984.82	1241.72	1816.01	2659.75	3086.91
120	50	4068.37	1268.73	1853.72	2715.81	3153.41
130	50	4189.87	1308.53	1907.37	2800.97	3246.5
140	50	4320.17	1351.46	1965.23	2893.23	3346.44
150	50	4439.1	1390.61	2017.9	2978.5	3437.63
160	50	4561.36	1429.81	2070.96	3054.08	3531.18
170	50	4571.9	1432.05	2076.27	3056.32	3544.39
180	50	4598.68	1440.55	2090.97	3064.58	3570.19
190	50	4681.19	1466.79	2127.13	3116.12	3634.47
200	50	4804.82	1507.26	2181.04	3204.6	3728.44
210	50	4942.93	1552.43	2240.86	3304.09	3832.99
220	50	5067.37	1592.6	2294.26	3389.48	3927.22
230	50	5203.3	1637.24	2353.24	3494.69	4029.91
240	50	5379.01	1693.63	2429.39	3612.2	4165.88
250	50	5494.39	1730.26	2478.68	3689.92	4254.55
260	50	5617.46	1765.78	2528.13	3743.93	4350.35
270	50	5594.53	1758.13	2517.83	3727.56	4332.85
280	50	5506.43	1729.55	2479.46	3666.17	4265.44
290	50	5242.84	1648.79	2368.91	3519.89	4061.8
300	50	5051.45	1586.42	2284.81	3382.3	3914.04
310	50	4825.11	1513.16	2186.05	3224.43	3739.69
320	50	4567.77	1430.88	2075.19	3054.97	3542.42
330	50	4391.37	1373.36	1998.16	2928.92	3407.64
340	50	4267.27	1333.05	1945.1	2845.86	3314.98
350	50	4139.1	1291.29	1889.42	2758.08	3217.9
360	50	3948.44	1229.18	1804.6	2623.4	3069.15
370	50	4043.23	1260.46	1842.29	2697.88	3133.95
380	50	3930.51	1225.01	1793.53	2640.45	3046.67
390	50	3832.88	1191.51	1747.96	2551.95	2969.85
400	50	3729.87	1157.9	1701.86	2480.18	2889.59
410	50	3707.22	1151.26	1691.65	2467.65	2869.57
420	50	3546.89	1099.49	1620.36	2362.52	2745.46
430	50	3460.38	1071.05	1579.98	2296.46	2675.59
440	50	3375.1	1043.1	1540.08	2231.75	2606.48
450	50	3293.04	1016.36	1501.58	2170.66	2539.59
460	50	3217.11	991.957	1465.88	2117.68	2477.01
470	50	3137.22	965.96	1428.5	2059.31	2411.89
480	50	3062.99	941.997	1393.76	2007.24	2350.95
490	50	2996.09	920.656	1362.44	1963.22	2295.44
500	50	2937.91	902.419	1335.18	1928.51	2246.43
10	60	3011.38	925.064	1371.49	1972.08	2313.22
20	60	3093.93	951.789	1409.9	2030.05	2380.35
30	60	3138.51	966.54	1433.46	2068.39	2421.37
40	60	3238.4	998.562	1478.9	2135.22	2500.91
50	60	3348	1034.12	1528.58	2212.14	2587.17
60	60	3460.18	1070.7	1579.43	2292.65	2675.22
70	60	3574.24	1108.01	1631.02	2375.29	2764.41
80	60	3687.55	1145.12	1682.15	2457.16	2852.87
90	60	3783.93	1176.38	1725.63	2521.71	2928.93
100	60	3895.51	1212.67	1775.77	2598.25	3016.39
110	60	3983.81	1241.33	1815.56	2658.52	3086.22
120	60	4068.61	1268.81	1853.84	2715.98	3153.62
130	60	4191.23	1308.97	1907.94	2801.77	3247.47
140	60	4310	1348.05	1960.49	2886.77	3338.43
150	60	4442.94	1390.13	2017.64	2958.37	3439.99
160	60	4559.16	1428.98	2069.81	3051.35	3529.38
170	60	4572.1	1432.11	2076.38	3056.48	3544.58
180	60	4603.78	1442.3	2093.14	3069.52	3573.88
190	60	4696.69	1473.55	2135.6	3148.57	3646.48
200	60	4822.19	1513.13	2188.6	3219.5	3741.49
210	60	4942.7	1552.35	2240.76	3304.15	3832.83
220	60	5067.21	1592.54	2294.16	3389.38	3927.06
230	60	5195.24	1634.91	2350.11	3491.77	4023.9
240	60	5374.69	1692.53	2427.94	3611.57	4162.84
250	60	5459.52	1719.93	2465.12	3673.41	4229.21
260	60	5618.84	1766.22	2528.79	3744.75	4351.56
270	60	5596.23	1758.66	2518.61	3728.53	4334.3
280	60	5508.07	1730.06	2480.22	3667.13	4266.84
290	60	5271.93	1656.83	2379.86	3527.32	4083.61
300	60	5039.86	1583.19	2280.45	3378.68	3905.47
310	60	4818.17	1511.21	2183.42	3222.18	3734.54
320	60	4568.68	1431.15	2075.52	3055.35	3543.04
330	60	4394.87	1374.47	1999.6	2931.16	3410.19
340	60	4297.56	1342.72	1957.63	2865.09	3337.05
350	60	4139.55	1291.47	1889.54	2758.96	3218.02
360	60	3957.31	1232.13	1808.49	2630.81	3075.86
370	60	4035.19	1257.89	1838.98	2693.12	3128.11
380	60	3913.92	1219.46	1786.42	2628.37	3034.8
390	60	3829.49	1190.26	1746.47	2548.4	2967.53
400	60	3723.46	1155.71	1699.15	2475.21	2885.14
410	60	3712.02	1152.82	1693.84	2470.67	2873.33
420	60	3540.41	1097.49	1617.85	2359.59	2740.99
430	60	3448.86	1067.41	1575.35	2290.22	2667.51
440	60	3358.7	1037.88	1533.39	2222.36	2594.87
450	60	3272.01	1009.65	1492.93	2158.36	2524.61
460	60	3194.56	984.889	1456.6	2105.46	2460.8
470	60	3110.71	957.64	1417.55	2044.78	2392.75
480	60	3032.89	932.555	1381.3	1990.74	2329.14
490	60	2962.86	910.252	1348.65	1945.14	2271.27
500	60	2902.07	891.231	1320.28	1909.29	2220.24
10	70	3012.98	925.549	1372.05	1972.71	2314.18
20	70	3097.94	953.009	1411.42	2031.8	2383.03
30	70	3139.88	966.992	1434.04	2069.4	2422.31
40	70	3239.87	999.051	1479.54	2136.41	2501.96
50	70	3348.47	1034.24	1528.77	2212.3	2587.49
60	70	3460.38	1070.73	1579.52	2292.63	2675.37
70	70	3574.17	1107.96	1631	2375.11	2764.39
80	70	3687.22	1144.98	1682.04	2456.84	2852.69
90	70	3782.52	1175.86	1725.05	2520.39	2928
100	70	3893	1211.81	1774.65	2596.18	3014.52
110	70	3982.89	1240.98	1815.12	2657.37	3085.55
120	70	4070.85	1269.52	1854.75	2717.2	3155.23
130	70	4193	1309.56	1908.68	2802.83	3248.75
140	70	4312	1348.7	1961.32	2887.78	3339.9
150	70	4438.86	1388.83	2015.9	2956.32	3436.97
160	70	4554	1427.21	2067.48	3047.18	3525.55
170	70	4572.36	1432.2	2076.52	3056.66	3544.84
180	70	4610.45	1444.52	2095.9	3075.25	3578.65
190	70	4702.49	1475.37	2137.9	3152.06	3650.65
200	70	4822.35	1513.19	2188.63	3220.12	3741.58
210	70	4942.31	1552.22	2240.56	3304.17	3832.53
220	70	5065.41	1591.97	2293.41	3388.52	3925.74
230	70	5192.63	1634.08	2349.19	3490.27	4022.38
240	70	5371.69	1691.54	2426.72	3609.7	4160.78
250	70	5450.53	1717.33	2461.82	3669.95	4222.97
260	70	5614.71	1765.03	2527.32	3743.26	4348.8
270	70	5592.73	1757.66	2517.41	3727.34	4332.01
280	70	5504.98	1729.19	2479.18	3666.15	4264.85
290	70	5264.25	1654.67	2377.09	3524.69	4078.28
300	70	5029.07	1580.11	2276.38	3374.84	3897.62
310	70	4811.35	1509.26	2180.82	3219.72	3729.55
320	70	4570.43	1431.66	2076.15	3056.07	3544.22
330	70	4399.34	1375.87	2001.39	2933.87	3413.38
340	70	4304.91	1345.08	1960.54	2869.85	3342.12
350	70	4142.5	1292.45	1890.66	2761.36	3219.87
360	70	3969.69	1236.21	1813.8	2640.47	3085.05
370	70	4028.94	1255.9	1836.44	2689.49	3123.64
380	70	3900.7	1214.99	1780.75	2618.33	3025.42
390	70	3825.11	1188.77	1744.69	2545.05	2964.63
400	70	3719.21	1154.25	1697.37	2471.88	2882.23
410	70	3715.53	1153.96	1695.44	2472.87	2876.06
420	70	3535.6	1096	1615.99	2357.43	2737.7
430	70	3439.34	1064.39	1571.52	2285.01	2660.85
440	70	3344.61	1033.38	1527.65	2214.22	2584.93
450	70	3253.58	1003.76	1485.37	2147.55	2511.53
460	70	3174.52	978.604	1448.39	2094.61	2446.44
470	70	3086.98	950.193	1407.79	2031.83	2375.7
480	70	3005.82	924.064	1370.13	1975.99	2309.62
490	70	2932.86	900.861	1336.25	1928.94	2249.54
500	70	2869.61	881.106	1306.85	1892.05	2196.62
10	80	3011.77	925.199	1371.52	1972.23	2313.18
20	80	3098.92	953.321	1411.76	2032.29	2383.59
30	80	3141.33	967.475	1434.63	2070.42	2423.27
40	80	3241.82	999.668	1480.23	2137.31	2503.11
50	80	3349	1034.4	1528.98	2212.53	2587.84
60	80	3460.59	1070.78	1579.61	2292.66	2675.53
70	80	3574.08	1107.9	1630.98	2374.95	2764.35
80	80	3678.55	1141.95	1678.2	2448.04	2846.46
90	80	3781.61	1175.51	1724.65	2519.36	2927.39
100	80	3882.88	1208.45	1770.17	2588.73	3006.89
110	80	3986.67	1242.18	1816.7	2659.39	3088.3
120	80	4074.83	1270.79	1856.35	2719.33	3158.03
130	80	4195.06	1310.23	1909.54	2804.05	3250.24
140	80	4303.47	1344.73	1956.53	2869.26	3333.63
150	80	4412.52	1380.03	2004.31	2941.33	3417.49
160	80	4541.8	1422.24	2061.23	3025.68	3516.55
170	80	4572.67	1432.3	2076.68	3056.84	3545.14
180	80	4602.02	1442.7	2093.66	3084.18	3573.24
190	80	4734.57	1485.65	2150.72	3171.75	3673.5
200	80	4841.33	1520.14	2197.12	3242.64	3755.14
210	80	4941.79	1552.04	2240.3	3304.19	3832.15
220	80	5062.18	1590.96	2292.1	3387.02	3923.43
230	80	5221.24	1642.9	2361.67	3503.19	4045.64
240	80	5342.27	1682.36	2414.85	3592.65	4139.51
250	80	5443.93	1715.25	2459.25	3666.26	4218.48
260	80	5501.17	1733.58	2484.34	3706.97	4263.74
270	80	5585.67	1755.61	2514.82	3724.63	4327.15
280	80	5429.18	1707.98	2449.7	3639.1	4206.97
290	80	5255.79	1652.21	2373.96	3521.37	4072.39
300	80	5044.85	1584.23	2281.99	3376.71	3909.32
310	80	4804.89	1507.38	2178.34	3217.17	3724.86
320	80	4572.56	1432.29	2076.92	3056.95	3545.65
330	80	4434.61	1387.37	2016.84	2960.1	3440.39
340	80	4312.42	1347.5	1963.49	2874.71	3347.24
350	80	4204.42	1312.15	1916.06	2799.32	3264.71
360	80	4035.31	1257.58	1843.42	2689.35	3137.37
370	80	4024.77	1254.57	1834.78	2687.17	3120.71
380	80	3929.15	1222.74	1791.3	2617.31	3045.86
390	80	3822.48	1187.88	1743.68	2543.1	2962.98
400	80	3717.76	1153.71	1696.77	2470.3	2881.33
410	80	3614.8	1120.21	1650.5	2399	2800.7
420	80	3532.65	1095.09	1614.85	2356.11	2735.68
430	80	3432.08	1062.08	1568.59	2280.93	2655.77
440	80	3333.15	1029.72	1522.97	2207.52	2576.85
450	80	3238.13	998.82	1479.04	2138.44	2500.6
460	80	3149.18	970.149	1437.79	2076.02	2428.57
470	80	3066.54	943.777	1399.4	2020.71	2361.06
480	80	2982.32	916.698	1360.47	1963.26	2292.73
490	80	2906.67	892.673	1325.47	1914.93	2230.65
500	80	2841.15	872.243	1295.13	1877.1	2176.01
10	90	3007.97	924.068	1369.99	1970.7	2310.38
20	90	3097.08	952.782	1411.01	2031.59	2382.19
30	90	3142.69	967.931	1435.16	2071.34	2424.14
40	90	3242.6	999.916	1480.53	2137.75	2503.61
50	90	3349.48	1034.54	1529.16	2212.77	2588.15
60	90	3460.79	1070.83	1579.69	2292.71	2675.66
70	90	3573.98	1107.86	1630.94	2374.82	2764.3
80	90	3678.12	1141.77	1678.01	2447.5	2846.17
90	90	3781.21	1175.32	1724.43	2518.61	2927.1
100	90	3882.82	1208.37	1770.07	2588.07	3006.82
110	90	3988.63	1242.75	1817.4	2659.93	3089.58
120	90	4080.16	1272.48	1858.48	2722.16	3161.76
130	90	4197.25	1310.94	1910.44	2805.32	3251.82
140	90	4297.53	1342.91	1954.22	2866.96	3329.58
150	90	4405.07	1377.69	2001.4	2937.94	3412.44
160	90	4531.48	1418.92	2056.98	3020.59	3509.27
170	90	4573.03	1432.41	2076.86	3057.03	3545.48
180	90	4614.14	1446.46	2098.34	3090.65	3581.78
190	90	4744.44	1488.66	2154.43	3176.7	3680.34
200	90	4849.96	1522.74	2200.35	3246.57	3761.16
210	90	4941.23	1551.85	2240.02	3304.25	3831.74
220	90	5057.83	1589.59	2290.35	3385.01	3920.35
230	90	5226.44	1643.77	2362.95	3500.98	4049.33
240	90	5340.6	1681.45	2413.83	3589.2	4138.44
250	90	5440.44	1713.91	2457.68	3662.75	4216.17
260	90	5496.94	1732.14	2482.63	3703.91	4260.96
270	90	5576.62	1752.96	2511.44	3721.04	4320.81
280	90	5421.95	1705.8	2446.96	3635.8	4201.97
290	90	5247.51	1649.75	2370.82	3517.76	4066.6
300	90	5036.67	1581.82	2278.9	3373.29	3903.56
310	90	4798.98	1505.62	2176.04	3214.58	3720.59
320	90	4574.69	1432.91	2077.69	3057.82	3547.07
330	90	4438.53	1388.61	2018.35	2962.51	3443.04
340	90	4319.65	1349.82	1966.32	2879.44	3352.12
350	90	4214.78	1315.51	1920.14	2806.24	3271.71
360	90	4044.49	1260.59	1847.06	2695.93	3143.56
370	90	4022.93	1254	1834.11	2686.27	3119.5
380	90	3928.31	1222.46	1791.09	2616.65	3045.55
390	90	3821.8	1187.66	1743.52	2542.71	2962.73
400	90	3716.96	1153.45	1696.53	2469.91	2880.92
410	90	3614.59	1120.13	1650.43	2398.8	2800.59
420	90	3531.66	1094.79	1614.47	2355.66	2735
430	90	3427.24	1060.53	1566.63	2278.07	2652.38
440	90	3324.57	1026.96	1519.47	2202.37	2570.82
450	90	3225.99	994.928	1474.06	2131.18	2492.02
460	90	3133.74	965.215	1431.45	2066.92	2417.62
470	90	3049.8	938.525	1392.55	2011.61	2349.1
480	90	2962.86	910.606	1352.5	1952.79	2278.79
490	90	2884.81	885.849	1316.51	1903.35	2214.94
500	90	2817.26	864.814	1285.33	1864.7	2158.77
10	100	3001.91	922.261	1367.59	1968.25	2306.04
20	100	3092.78	951.499	1409.31	2029.86	2379.11
30	100	3143.83	968.315	1435.59	2072.09	2424.85
40	100	3243.2	1000.11	1480.76	2138.1	2503.98
50	100	3349.86	1034.66	1529.31	2212.97	2588.39
60	100	3460.93	1070.87	1579.74	2292.76	2675.75
70	100	3573.9	1107.82	1630.91	2374.73	2764.24
80	100	3678.02	1141.7	1677.93	2447.15	2846.08
90	100	3781.29	1175.3	1724.4	2518.16	2927.12
100	100	3883.35	1208.47	1770.19	2587.74	3007.11
110	100	3991.56	1243.63	1818.47	2660.99	3091.5
120	100	4086.36	1274.45	1860.95	2725.43	3166.08
130	100	4199.36	1311.62	1911.31	2806.49	3253.35
140	100	4291.09	1340.94	1951.75	2864.61	3325.22
150	100	4397.17	1375.24	1998.34	2934.57	3407.12
160	100	4519.48	1415.07	2052.07	3014.76	3500.86
170	100	4573.4	1432.52	2077.05	3057.21	3545.84
180	100	4627.77	1450.68	2103.58	3097.71	3591.35
190	100	4754.74	1491.78	2158.29	3181.6	3687.47
200	100	4859.18	1525.5	2203.79	3250.59	3767.57
210	100	4940.74	1551.68	2239.77	3304.41	3831.38
220	100	5052.75	1588.01	2288.32	3382.69	3916.77
230	100	5234.12	1645.23	2365.01	3498.89	4054.72
240	100	5342.25	1681.39	2413.93	3586.29	4139.69
250	100	5440.4	1713.45	2457.26	3659.78	4216.26
260	100	5496.08	1731.55	2482.03	3701.34	4260.52
270	100	5567.02	1750.14	2507.79	3717.12	4313.99
280	100	5415.63	1703.81	2444.45	3632.44	4197.53
290	100	5240.22	1647.51	2367.98	3514.21	4061.46
300	100	5029.46	1579.65	2276.11	3370.02	3898.46
310	100	4793.72	1504.02	2173.95	3212.03	3716.77
320	100	4576.49	1433.44	2078.33	3058.56	3548.28
330	100	4442.05	1389.74	2019.71	2964.74	3445.41
340	100	4326.2	1351.95	1968.89	2883.87	3356.52
350	100	4224.21	1318.59	1923.86	2812.76	3278.04
360	100	4056.07	1264.39	1851.7	2704.1	3151.47
370	100	4023.59	1254.23	1834.48	2686.89	3120.11
380	100	3929.44	1222.85	1791.71	2617.49	3046.61
390	100	3823.29	1188.18	1744.28	2543.96	2964
400	100	3718.48	1154	1697.29	2471.32	2882.16
410	100	3616.89	1120.91	1651.44	2400.54	2802.27
420	100	3532.65	1095.09	1614.85	2356.11	2735.68
430	100	3424.94	1059.78	1565.67	2276.5	2650.75
440	100	3319.05	1025.17	1517.19	2198.87	2566.92
450	100	3217.41	992.16	1470.53	2125.92	2485.95
460	100	3122.3	961.55	1426.75	2060.1	2409.51
470	100	3037.1	934.538	1387.35	2004.7	2340.03
480	100	2947.84	905.903	1346.35	1944.76	2268.04
490	100	2867.71	880.519	1309.52	1894.41	2202.68
500	100	2798.39	858.959	1277.62	1855.08	2145.18
10	110	2994.11	919.925	1364.54	1965.07	2300.53
20	110	3086.54	949.624	1406.87	2027.28	2374.71
30	110	3162.59	974.011	1442.98	2079.68	2438.12
40	110	3243.55	1000.23	1480.89	2138.33	2504.2
50	110	3350.07	1034.73	1529.38	2213.1	2588.52
60	110	3461.01	1070.89	1579.77	2292.79	2675.79
70	110	3573.84	1107.8	1630.89	2374.67	2764.21
80	110	3678.17	1141.73	1677.96	2446.98	2846.16
90	110	3781.77	1175.4	1724.53	2517.95	2927.39
100	110	3884.35	1208.74	1770.49	2587.71	3007.72
110	110	3991.37	1243.48	1818.25	2659.38	3091.28
120	110	4092.85	1276.51	1863.53	2728.85	3170.58
130	110	4178.93	1304.76	1902.71	2791.93	3239.07
140	110	4284.68	1338.99	1949.31	2862.34	3320.9
150	110	4389.43	1372.85	1995.37	2931.41	3401.93
160	110	4492.63	1406.21	2040.7	2999.64	3481.71
170	110	4573.77	1432.63	2077.23	3057.39	3546.19
180	110	4678.98	1467	2123.53	3129.73	3626.88
190	110	4764.63	1494.77	2161.98	3186.16	3694.32
200	110	4868.22	1528.21	2207.15	3254.42	3773.85
210	110	4970.89	1561.27	2251.77	3322.43	3852.65
220	110	5047.41	1586.34	2286.21	3380.26	3913.03
230	110	5212.86	1638.58	2356.79	3486.82	4040.23
240	110	5346.99	1682.16	2415.09	3584.16	4143.07
250	110	5443.75	1713.9	2457.99	3657.61	4218.68
260	110	5498.69	1731.88	2482.59	3699.52	4262.44
270	110	5558.09	1747.51	2504.34	3713.37	4307.54
280	110	5410.86	1702.23	2442.43	3629.37	4194.09
290	110	5234.53	1645.7	2365.66	3511.01	4057.38
300	110	5023.75	1577.88	2273.84	3367.12	3894.38
310	110	4783.9	1501.1	2170.18	3207.4	3709.89
320	110	4577.73	1433.8	2078.78	3059.07	3549.1
330	110	4445.85	1391.23	2021.29	2969.5	3447.6
340	110	4331.78	1353.79	1971.09	2887.84	3360.24
350	110	4232.32	1321.28	1927.07	2818.66	3283.44
360	110	4157.54	1297.21	1892.73	2770.44	3222.6
370	110	4026.86	1255.29	1835.93	2689.08	3122.61
380	110	3932.67	1223.95	1793.23	2619.88	3049.15
390	110	3827.06	1189.48	1746.02	2546.91	2966.88
400	110	3722.46	1155.38	1699.1	2474.56	2885.12
410	110	3634.04	1126.5	1658.59	2410.65	2814.55
420	110	3535.6	1096	1615.99	2357.43	2737.7
430	110	3425.2	1059.82	1565.72	2276.23	2650.89
440	110	3316.67	1024.38	1516.17	2197.07	2565.22
450	110	3212.51	990.565	1468.5	2122.73	2482.48
460	110	3115.05	959.218	1423.76	2055.68	2404.37
470	110	3028.66	931.885	1383.89	2000.09	2334
480	110	2937.49	902.671	1342.13	1939.3	2260.65
490	110	2855.66	876.776	1304.61	1888.24	2194.05
500	110	2784.87	854.782	1272.12	1848.38	2135.48
10	120	2985.18	917.244	1361.05	1961.39	2294.26
20	120	3078.97	947.345	1403.91	2024.12	2369.41
30	120	3158.54	972.773	1441.33	2077.8	2435.19
40	120	3243.6	1000.26	1480.9	2138.4	2504.22
50	120	3350.09	1034.74	1529.39	2213.13	2588.53
60	120	3461	1070.89	1579.77	2292.79	2675.79
70	120	3573.82	1107.8	1630.88	2374.66	2764.19
80	120	3678.51	1141.81	1678.06	2446.95	2846.37
90	120	3782.52	1175.6	1724.76	2517.96	2927.85
100	120	3885.68	1209.11	1770.93	2587.92	3008.53
110	120	3999.05	1245.9	1821.33	2663.3	3096.66
120	120	4099	1278.46	1865.98	2732.07	3174.85
130	120	4174.42	1303.45	1901.03	2791.08	3236.01
140	120	4278.83	1337.21	1947.08	2860.3	3316.98
150	120	4382.5	1370.7	1992.71	2928.62	3397.29
160	120	4484.76	1403.76	2037.67	2996.22	3476.45
170	120	4574.11	1432.74	2077.4	3057.54	3546.52
180	120	4684.26	1468.54	2125.51	3131.39	3630.67
190	120	4773.26	1497.38	2165.2	3190.06	3700.3
200	120	4876.27	1530.62	2210.15	3257.79	3779.45
210	120	4978.29	1563.45	2254.5	3325.03	3857.84
220	120	5042.33	1584.76	2284.2	3377.95	3909.47
230	120	5246.5	1647.53	2369.25	3493.93	4065.84
240	120	5354.21	1683.65	2417.14	3582.91	4148.15
250	120	5450.04	1715.17	2459.76	3656.37	4223.11
260	120	5504.43	1733.07	2484.25	3698.59	4266.5
270	120	5550.75	1745.33	2501.44	3710.16	4302.11
280	120	5408	1701.16	2441.06	3626.84	4191.91
290	120	5230.81	1644.43	2364.01	3508.39	4054.62
300	120	5019.89	1576.62	2272.21	3364.77	3891.55
310	120	4785.21	1501.42	2170.57	3207.55	3710.72
320	120	4578.26	1433.96	2078.97	3059.29	3549.46
330	120	4447.91	1391.86	2022.08	2970.59	3449.03
340	120	4336.18	1355.27	1972.85	2891.23	3363.16
350	120	4238.81	1323.48	1929.68	2823.77	3287.74
360	120	4157.68	1297.28	1892.83	2770.75	3222.69
370	120	4032.75	1257.2	1838.47	2692.84	3127
380	120	3938.08	1225.79	1795.65	2623.84	3053.2
390	120	3833.19	1191.57	1748.74	2551.57	2971.39
400	120	3728.96	1157.6	1701.97	2479.65	2889.86
410	120	3636.99	1127.64	1660.05	2414.24	2816.73
420	120	3540.41	1097.49	1617.85	2359.59	2740.99
430	120	3427.97	1060.65	1566.77	2277.24	2652.78
440	120	3317.44	1024.57	1516.42	2196.99	2565.72
450	120	3211.35	990.157	1467.98	2121.65	2481.64
460	120	3112.08	958.249	1422.52	2053.72	2402.26
470	120	3024.56	930.597	1382.2	1997.84	2331.06
480	120	2931.97	900.956	1339.89	1936.48	2256.71
490	120	2848.84	874.676	1301.86	1884.94	2189.19
500	120	2776.9	852.348	1268.92	1844.7	2129.78
10	130	2975.82	914.429	1357.41	1957.49	2287.73
20	130	3070.77	944.873	1400.72	2020.65	2363.7
30	130	3153.7	971.287	1439.37	2075.54	2431.73
40	130	3243.36	1000.19	1480.81	2138.31	2504.07
50	130	3349.93	1034.7	1529.33	2213.07	2588.43
60	130	3460.93	1070.87	1579.74	2292.77	2675.74
70	130	3573.83	1107.8	1630.88	2374.67	2764.19
80	130	3678.96	1141.94	1678.21	2447.02	2846.65
90	130	3783.43	1175.86	1725.06	2518.12	2928.42
100	130	3887.11	1209.53	1771.42	2588.28	3009.43
110	130	4006.12	1248.13	1824.18	2666.93	3101.62
120	130	4104.18	1280.1	1868.04	2734.79	3178.45
130	130	4170.63	1302.34	1899.62	2790.27	3233.44
140	130	4274.07	1335.76	1945.28	2858.61	3313.79
150	130	4376.95	1368.99	1990.59	2926.39	3393.57
160	130	4478.55	1401.82	2035.28	2993.54	3472.3
170	130	4574.4	1432.82	2077.54	3057.67	3546.79
180	130	4687.66	1469.51	2126.78	3132.27	3633.15
190	130	4779.81	1499.35	2167.66	3193.04	3704.87
200	130	4882.54	1532.5	2212.5	3260.43	3783.83
210	130	4984.29	1565.22	2256.73	3327.18	3862.04
220	130	5038.02	1583.43	2282.51	3376	3906.46
230	130	5277.88	1655.91	2380.89	3500.87	4089.63
240	130	5362.98	1685.62	2419.8	3582.55	4154.27
250	130	5458.44	1717.07	2462.31	3656.06	4228.97
260	130	5512.6	1734.96	2486.77	3698.55	4272.21
270	130	5545.57	1743.77	2499.31	3707.75	4298.12
280	130	5407.15	1700.67	2440.39	3624.99	4191.07
290	130	5229.15	1643.74	2363.09	3506.47	4053.26
300	130	5017.98	1575.91	2271.27	3363.07	3890.05
310	130	4787.46	1501.98	2171.27	3207.87	3712.2
320	130	4578.09	1433.91	2078.91	3059.21	3549.34
330	130	4449.19	1392.26	2022.59	2971.31	3449.94
340	130	4339.29	1356.35	1974.12	2893.97	3365.2
350	130	4243.54	1325.13	1931.62	2828	3290.83
360	130	4158.14	1297.49	1893.12	2771.61	3223.06
370	130	4041.22	1259.93	1842.07	2698.14	3133.24
380	130	3945.67	1228.35	1798.98	2629.35	3058.75
390	130	3841.67	1194.45	1752.45	2557.9	2977.54
400	130	3737.98	1160.68	1705.9	2486.53	2896.36
410	130	3642.51	1129.63	1662.58	2419.59	2820.74
420	130	3546.89	1099.49	1620.36	2362.52	2745.46
430	130	3433.12	1062.23	1568.76	2279.48	2656.34
440	130	3321.26	1025.74	1517.9	2198.6	2568.37
450	130	3213.88	990.924	1468.95	2122.66	2483.4
460	130	3113.39	958.642	1423.02	2054.23	2403.17
470	130	3024.8	930.672	1382.29	1997.95	2331.22
480	130	2931.29	900.763	1339.63	1936.32	2256.23
490	130	2847.3	874.233	1301.28	1884.54	2188.11
500	130	2774.57	851.68	1268.05	1844.08	2128.15
10	140	2966.78	911.704	1353.89	1953.69	2281.42
20	140	3062.69	942.432	1397.58	2017.2	2358.08
30	140	3148.61	969.725	1437.32	2073.15	2428.12
40	140	3246.88	1001.25	1482.25	2139.68	2506.7
50	140	3349.63	1034.61	1529.22	2212.92	2588.24
60	140	3460.79	1070.83	1579.69	2292.71	2675.66
70	140	3573.86	1107.82	1630.89	2374.71	2764.21
80	140	3679.43	1142.08	1678.37	2447.13	2846.94
90	140	3784.31	1176.11	1725.37	2518.35	2928.98
100	140	3901.82	1214.24	1777.63	2596.46	3020.18
110	140	4011.71	1249.89	1826.43	2669.82	3105.54
120	140	4107.77	1281.24	1869.48	2736.68	3180.96
130	140	4167.97	1301.55	1898.63	2789.59	3231.65
140	140	4270.96	1334.82	1944.12	2857.44	3311.72
150	140	4373.33	1367.86	1989.19	2924.85	3391.14
160	140	4474.57	1400.58	2033.74	2991.73	3469.62
170	140	4574.61	1432.88	2077.64	3057.77	3546.99
180	140	4688.35	1469.66	2127.05	3132.05	3633.75
190	140	4792.86	1503.49	2172.82	3200.9	3714.12
200	140	4886.35	1533.66	2213.93	3262.22	3786.5
210	140	4988.19	1566.38	2258.19	3328.65	3864.78
220	140	5035.01	1582.5	2281.34	3374.63	3904.35
230	140	5303.72	1662.87	2390.51	3506.91	4109.2
240	140	5400.77	1695.99	2434.64	3592.28	4184.27
250	140	5467.83	1719.33	2465.29	3656.59	4235.49
260	140	5522.18	1737.3	2489.84	3699.3	4278.85
270	140	5542.75	1742.91	2498.04	3706.25	4295.75
280	140	5408.13	1700.72	2440.38	3623.89	4191.47
290	140	5229.43	1643.61	2362.88	3505.28	4053.2
300	140	5012.63	1574.4	2269.21	3361.95	3886.06
310	140	4790.36	1502.71	2172.21	3208.32	3714.15
320	140	4577.28	1433.67	2078.62	3058.89	3548.8
330	140	4449.71	1392.43	2022.82	2971.66	3450.34
340	140	4341.86	1357.51	1975.29	2898.53	3366.56
350	140	4246.72	1326.46	1932.87	2832.69	3292.39
360	140	4158.95	1297.86	1893.61	2773.01	3223.71
370	140	4052.1	1263.44	1846.67	2704.89	3141.22
380	140	3955.36	1231.62	1803.18	2636.31	3065.75
390	140	3852.42	1198.09	1757.1	2565.8	2985.27
400	140	3754.95	1166.38	1713.13	2498.35	2908.41
410	140	3650.92	1132.56	1666.31	2426.76	2826.78
420	140	3554.84	1101.94	1623.45	2366.11	2750.95
430	140	3440.45	1064.5	1571.63	2282.88	2661.42
440	140	3327.97	1027.82	1520.55	2201.81	2573.04
450	140	3219.96	992.823	1471.38	2125.72	2487.66
460	140	3118.86	960.362	1425.23	2057.15	2407.02
470	140	3029.26	932.07	1384.11	2000.35	2334.39
480	140	2935.35	902.06	1341.32	1938.76	2259.14
490	140	2850.96	875.424	1302.84	1886.98	2190.76
500	140	2783.27	854.166	1271.5	1846.38	2134.64
10	150	2958.8	909.293	1350.78	1950.29	2275.86
20	150	3055.48	940.246	1394.76	2014.08	2353.05
30	150	3143.88	968.268	1435.43	2070.91	2424.78
40	150	3242.94	1000.04	1480.67	2137.81	2503.92
50	150	3349.24	1034.49	1529.07	2212.73	2588
60	150	3460.63	1070.78	1579.63	2292.64	2675.56
70	150	3573.92	1107.84	1630.92	2374.77	2764.25
80	150	3679.81	1142.19	1678.51	2447.25	2847.2
90	150	3784.99	1176.32	1725.62	2518.57	2929.42
100	150	3905.69	1215.46	1779.21	2598.52	3022.94
110	150	4014.98	1250.92	1827.77	2671.54	3107.87
120	150	4109.24	1281.7	1870.07	2737.45	3182.01
130	150	4166.83	1301.19	1898.2	2789.13	3230.89
140	150	4269.68	1334.4	1943.62	2856.74	3310.88
150	150	4372.04	1367.45	1988.68	2924.1	3390.27
160	150	4473.25	1400.14	2033.2	2990.9	3468.72
170	150	4574.71	1432.92	2077.7	3057.82	3547.09
180	150	4685.67	1468.82	2126.05	3130.49	3631.99
190	150	4790.84	1502.85	2172.06	3199.63	3712.8
200	150	4887.09	1533.91	2214.25	3262.82	3787.03
210	150	4989.36	1566.75	2258.66	3329.25	3865.62
220	150	5033.75	1582.12	2280.85	3374.06	3903.45
230	150	5320.91	1667.55	2396.97	3511.32	4122.22
240	150	5425.87	1702.86	2444.04	3598.93	4203.14
250	150	5476.8	1721.58	2468.22	3657.72	4241.71
260	150	5531.85	1739.74	2493.01	3700.61	4285.55
270	150	5542.09	1742.68	2497.57	3705.62	4294.89
280	150	5410.49	1701.19	2440.91	3623.46	4192.82
290	150	5231.22	1643.93	2363.24	3504.77	4054.21
300	150	5018.3	1575.87	2271.07	3362.98	3889.86
310	150	4793.56	1503.53	2173.25	3208.82	3716.32
320	150	4576.05	1433.31	2078.18	3058.38	3547.98
330	150	4449.57	1392.4	2022.81	2971.69	3450.29
340	150	4342.14	1357.61	1975.44	2898.77	3366.84
350	150	4246.62	1326.51	1932.98	2833.35	3292.42
360	150	4160.19	1298.39	1894.32	2774.98	3224.69
370	150	4065.19	1267.66	1852.18	2712.95	3150.8
380	150	3966.96	1235.52	1808.17	2644.59	3074.09
390	150	3865.28	1202.42	1762.63	2575.15	2994.48
400	150	3765.53	1170	1717.75	2506.71	2916.02
410	150	3662.43	1136.47	1671.3	2435.77	2835.02
420	150	3563.97	1104.76	1627.02	2370.25	2757.29
430	150	3449.71	1067.38	1575.28	2287.32	2667.88
440	150	3337.31	1030.75	1524.28	2206.54	2579.6
450	150	3229.36	995.784	1475.17	2130.73	2494.28
460	150	3128.27	963.345	1429.06	2062.39	2413.68
470	150	3037.7	934.722	1387.57	2004.96	2340.42
480	150	2943.94	904.782	1344.88	1943.72	2265.32
490	150	2859.61	878.187	1306.47	1892.19	2197.02
500	150	2783.51	854.255	1271.62	1846.66	2134.83
10	160	2952.58	907.41	1348.35	1947.6	2271.52
20	160	3049.8	938.525	1392.55	2011.61	2349.1
30	160	3140.09	967.099	1433.9	2069.12	2422.1
40	160	3239.8	999.071	1479.41	2136.33	2501.71
50	160	3348.85	1034.37	1528.92	2212.53	2587.76
60	160	3460.47	1070.73	1579.57	2292.57	2675.46
70	160	3573.98	1107.86	1630.94	2374.82	2764.3
80	160	3680.03	1142.25	1678.6	2447.33	2847.35
90	160	3785.3	1176.41	1725.74	2518.69	2929.64
100	160	3907.22	1215.94	1779.85	2599.37	3024.07
110	160	4015.22	1250.99	1827.89	2671.72	3108.09
120	160	4108.11	1281.34	1869.64	2736.87	3181.26
130	160	4167.51	1301.36	1898.43	2788.94	3231.36
140	160	4270.58	1334.62	1943.94	2856.46	3311.51
150	160	4373.41	1367.83	1989.16	2924.23	3391.16
160	160	4474.9	1400.61	2033.79	2991.13	3469.79
170	160	4574.69	1432.91	2077.69	3057.82	3547.07
180	160	4679.13	1466.81	2123.59	3127.39	3627.48
190	160	4784.94	1501.04	2169.84	3196.83	3708.74
200	160	4884.3	1533.13	2213.27	3262.23	3785.1
210	160	4987.31	1566.18	2257.95	3328.79	3864.22
220	160	5034.64	1582.41	2281.2	3374.46	3904.06
230	160	5326.65	1669.2	2399.2	3513.38	4126.56
240	160	5440.35	1706.9	2449.53	3603.29	4214
250	160	5483.79	1723.42	2470.59	3659.13	4246.57
260	160	5540.09	1741.88	2495.78	3702.14	4291.25
270	160	5543.01	1742.91	2497.74	3705.68	4295.2
280	160	5413.53	1701.89	2441.75	3623.55	4194.69
290	160	5233.89	1644.54	2363.96	3504.77	4055.85
300	160	5023.4	1577.18	2272.73	3363.82	3893.3
310	160	4796.6	1504.3	2174.25	3209.24	3718.4
320	160	4574.69	1432.91	2077.69	3057.82	3547.07
330	160	4448.95	1392.22	2022.6	2971.46	3449.91
340	160	4341.47	1357.41	1975.23	2898.51	3366.45
350	160	4247.04	1326.75	1933.32	2834.52	3292.83
360	160	4161.96	1299.12	1895.28	2777.53	3226.08
370	160	4080.16	1272.48	1858.48	2722.16	3161.76
380	160	3980.25	1239.97	1813.85	2654.01	3083.6
390	160	3880.03	1207.38	1768.94	2585.75	3005.02
400	160	3779.04	1174.53	1723.55	2516.69	2925.7
410	160	3677.14	1141.4	1677.6	2446.55	2845.54
420	160	3573.98	1107.86	1630.94	2374.82	2764.3
430	160	3460.58	1070.78	1579.61	2292.66	2675.52
440	160	3349	1034.42	1528.97	2212.64	2587.83
450	160	3241.78	999.714	1480.2	2137.53	2503.07
460	160	3141.33	967.498	1434.4	2069.82	2422.96
470	160	3049.8	938.525	1392.55	2011.61	2349.1
480	160	2956.74	908.829	1350.19	1951.03	2274.54
490	160	2872.96	882.424	1312.05	1900	2206.69
500	160	2787.07	855.403	1273.12	1848.94	2137.39
10	170	2948.74	906.245	1346.85	1945.92	2268.83
20	170	3046.29	937.456	1391.17	2010.05	2346.64
30	170	3137.79	966.388	1432.98	2068.04	2420.47
40	170	3237.98	998.512	1478.68	2135.5	2500.41
50	170	3345.43	1033.29	1527.54	2210.66	2585.35
60	170	3460.35	1070.7	1579.53	2292.52	2675.39
70	170	3574.03	1107.88	1630.97	2374.87	2764.33
80	170	3679.99	1142.24	1678.59	2447.34	2847.34
90	170	3797.26	1180.26	1730.88	2525.81	2938.52
100	170	3905.82	1215.49	1779.32	2598.72	3023.14
110	170	4011.85	1249.93	1826.57	2670.06	3105.8
120	170	4104.05	1280.05	1868.04	2734.75	3178.48
130	170	4170.24	1302.12	1899.43	2789.1	3233.23
140	170	4273.88	1335.54	1945.14	2856.65	3313.76
150	170	4376.89	1368.74	1990.45	2923.61	3393.65
160	170	4479.63	1402.02	2035.54	2992.41	3472.95
170	170	4574.53	1432.87	2077.61	3057.77	3546.93
180	170	4668.42	1463.57	2119.53	3122.65	3619.98
190	170	4778.41	1499.22	2167.51	3195.43	3704.04
200	170	4885.45	1533.67	2214	3264.49	3786.07
210	170	4981.71	1564.56	2255.91	3327.14	3860.3
220	170	5037.97	1583.45	2282.52	3375.97	3906.37
230	170	5318.59	1667.17	2396.33	3512.42	4120.44
240	170	5441.51	1707.36	2450.09	3604.57	4214.83
250	170	5529.86	1736.59	2489.15	3674.59	4282.98
260	170	5545.26	1743.28	2497.58	3703.46	4294.84
270	170	5544.59	1743.35	2498.2	3706.1	4296.08
280	170	5416.36	1702.59	2442.59	3623.88	4196.48
290	170	5240.75	1646.54	2366.44	3507.93	4060.48
300	170	5027.17	1578.13	2273.95	3364.27	3895.85
310	170	4798.99	1504.89	2175.02	3209.48	3720.04
320	170	4573.57	1432.58	2077.28	3057.36	3546.32
330	170	4448.08	1391.95	2022.29	2971.07	3449.34
340	170	4337.39	1356.1	1973.62	2895.87	3363.64
350	170	4242.05	1325.21	1931.37	2832	3289.32
360	170	4164.39	1300.08	1896.53	2780.65	3227.96
370	170	4096.68	1277.8	1865.44	2732.32	3173.88
380	170	3994.91	1244.87	1820.11	2664.35	3094.1
390	170	3894.64	1212.22	1775.17	2595.98	3015.52
400	170	3795.46	1179.98	1730.52	2528.2	2937.47
410	170	3695.05	1147.32	1685.18	2459.01	2858.35
420	170	3584.55	1111.13	1635.12	2379.67	2771.75
430	170	3472.74	1074.58	1584.47	2298.76	2684.11
440	170	3362.67	1038.74	1534.5	2219.95	2597.52
450	170	3256.86	1004.5	1486.35	2145.95	2513.78
460	170	3157.68	972.706	1441.11	2079.24	2434.61
470	170	3065.17	943.357	1398.9	2020.11	2360.18
480	170	2973.34	914.076	1357.09	1960.49	2286.55
490	170	2871.79	881.881	1311.4	1897.56	2205.86
500	170	2793.87	857.589	1275.98	1853.17	2142.3
10	180	2947.79	905.956	1346.47	1945.48	2268.16
20	180	3045.42	937.191	1390.82	2009.65	2346.02
30	180	3137.42	966.321	1432.87	2068.25	2420.22
40	180	3237.93	998.505	1478.66	2135.56	2500.36
50	180	3345.47	1033.31	1527.55	2210.78	2585.36
60	180	3457.74	1069.88	1578.46	2291.16	2673.52
70	180	3574.06	1107.88	1630.98	2374.88	2764.35
80	180	3686.15	1144.22	1681.24	2451.01	2851.94
90	180	3794.72	1179.46	1729.88	2524.54	2936.78
100	180	3901.07	1213.99	1777.43	2596.32	3019.86
110	180	4004.5	1247.61	1823.64	2666.34	3100.69
120	180	4096.87	1277.77	1865.19	2730.98	3173.49
130	180	4187.35	1307.55	1906.32	2797.36	3245.15
140	180	4279.65	1337.18	1947.26	2857.34	3317.7
150	180	4383.4	1370.6	1992.86	2924.39	3398.12
160	180	4490.44	1405.33	2039.89	2995.14	3480.59
170	180	4574.22	1432.78	2077.47	3057.67	3546.63
180	180	4657.64	1460.6	2115.68	3120.82	3612.18
190	180	4764.4	1495.07	2162.26	3190.28	3694.12
200	180	4871.79	1529.59	2208.85	3259.23	3776.41
210	180	4966.16	1559.82	2249.97	3320.09	3849.38
220	180	5043.91	1585.29	2284.86	3378.67	3910.53
230	180	5288.56	1658.98	2385.15	3505.99	4097.96
240	180	5427.25	1703.64	2444.88	3602.09	4203.98
250	180	5523.58	1734.99	2486.9	3673.82	4278.19
260	180	5573.08	1751.3	2508.86	3713.3	4316.84
270	180	5545.63	1743.65	2498.56	3706.45	4296.74
280	180	5422.63	1704.41	2444.9	3626.53	4200.83
290	180	5242.64	1646.97	2366.99	3507.78	4061.76
300	180	5028.86	1578.5	2274.44	3364.09	3896.99
310	180	4800.54	1505.29	2175.64	3209.77	3721.34
320	180	4573.11	1432.45	2077.12	3057.17	3546.01
330	180	4445.68	1391.18	2021.32	2969.44	3447.65
340	180	4335.41	1355.49	1972.85	2894.8	3362.26
350	180	4239.17	1324.32	1930.25	2830.5	3287.31
360	180	4151.87	1296.02	1891.34	2772.41	3218.98
370	180	4114.32	1283.47	1872.88	2743.18	3186.87
380	180	4011.64	1250.12	1827.32	2673.6	3107.14
390	180	3911.9	1217.89	1782.45	2607.59	3027.92
400	180	3814.68	1186.28	1738.61	2541.09	2951.26
410	180	3710.65	1152.17	1691.35	2466.03	2869.24
420	180	3595.35	1114.48	1639.41	2384.67	2779.43
430	180	3485.81	1078.69	1589.74	2305.45	2693.42
440	180	3377.93	1043.57	1540.71	2228.27	2608.4
450	180	3274.18	1010.01	1493.46	2155.8	2526.15
460	180	3176.87	978.833	1449.03	2090.44	2448.35
470	180	3083.33	949.072	1406.44	2030.24	2373.35
480	180	2968.11	912.427	1354.91	1957.54	2282.73
490	180	2881.01	884.849	1315.27	1903.35	2212.5
500	180	2803.8	860.772	1280.15	1859.28	2149.46
10	190	2950.11	906.661	1347.38	1946.5	2269.79
20	190	3047.55	937.838	1391.66	2010.59	2347.51
30	190	3139.36	966.908	1433.63	2069.09	2421.57
40	190	3239.99	999.16	1479.49	2136.7	2501.8
50	190	3347.36	1033.91	1528.31	2211.84	2586.68
60	190	3459.22	1070.35	1579.06	2291.97	2674.56
70	190	3574.02	1107.87	1630.96	2374.86	2764.33
80	190	3683.11	1143.27	1680.01	2449.46	2849.78
90	190	3789.24	1177.73	1727.66	2521.74	2932.92
100	190	3892.74	1211.36	1774.07	2592.05	3014.01
110	190	3992.98	1243.97	1818.99	2660.43	3092.59
120	190	4086.51	1274.49	1861.04	2725.52	3166.23
130	190	4189.95	1308.28	1907.26	2797.52	3246.89
140	190	4287.83	1339.53	1950.3	2858.56	3323.32
150	190	4392.52	1373.21	1996.26	2925.74	3404.4
160	190	4507.3	1410.56	2046.65	3001.19	3492.44
170	190	4573.76	1432.64	2077.25	3057.5	3546.19
180	190	4639.99	1455.43	2109.06	3114.87	3599.53
190	190	4746.17	1489.67	2155.37	3183.64	3681.1
200	190	4853.57	1524.15	2201.94	3252.26	3763.43
210	190	4952.41	1555.58	2244.59	3313.33	3839.52
220	190	5052.54	1587.96	2288.25	3382.59	3916.6
230	190	5251.74	1649.35	2371.53	3498.72	4069.57
240	190	5396.18	1695.34	2433.32	3595.29	4180.3
250	190	5500.4	1728.75	2478.26	3668.45	4260.61
260	190	5556.47	1746.77	2502.64	3709.07	4304.32
270	190	5544.7	1743.39	2498.28	3706.21	4296.23
280	190	5419.56	1703.49	2443.75	3625.09	4198.73
290	190	5240.59	1646.3	2366.17	3506.4	4060.34
300	190	5027.74	1578.09	2273.94	3363.07	3896.2
310	190	4804.82	1506.51	2177.34	3211.3	3724.67
320	190	4573.79	1432.64	2077.36	3057.45	3546.46
330	190	4445.77	1391.21	2021.36	2969.48	3447.72
340	190	4335.31	1355.47	1972.81	2894.79	3362.18
350	190	4238.83	1324.24	1930.14	2830.46	3287.06
360	190	4151.41	1295.92	1891.18	2772.45	3218.62
370	190	4132.65	1289.37	1880.64	2754.51	3200.43
380	190	4030.45	1256.16	1835.31	2684.98	3121.16
390	190	3931.45	1224.26	1790.65	2620.27	3042
400	190	3836.41	1193.35	1747.73	2555.15	2966.9
410	190	3727.76	1157.69	1698.43	2476.23	2881.46
420	190	3606.04	1117.8	1643.69	2389.65	2787.13
430	190	3499.43	1082.98	1595.27	2312.56	2703.21
440	190	3394.39	1048.8	1547.46	2237.43	2620.22
450	190	3293.3	1016.12	1501.35	2166.86	2539.89
460	190	3198.44	985.733	1457.97	2103.18	2463.88
470	190	3103.79	955.516	1414.98	2041.76	2388.28
480	190	2978.3	915.713	1359.21	1964.04	2290.09
490	190	2892.64	888.589	1320.17	1910.64	2220.9
500	190	2816.66	864.894	1285.55	1867.17	2158.76
10	200	2955.93	908.429	1349.68	1949.11	2273.88
20	200	3052.87	939.46	1393.76	2013	2351.27
30	200	3144.49	968.478	1435.65	2071.44	2425.16
40	200	3244.43	1000.56	1481.28	2139.06	2504.93
50	200	3351.31	1035.16	1529.91	2213.95	2589.46
60	200	3462.43	1071.36	1580.35	2293.64	2676.83
70	200	3574	1107.86	1630.95	2374.83	2764.3
80	200	3677.7	1141.57	1677.79	2446.69	2845.88
90	200	3780.74	1175.06	1724.19	2517.35	2926.85
100	200	3880.8	1207.6	1769.21	2585.87	3005.52
110	200	3977.29	1239.02	1812.62	2652.31	3081.48
120	200	4073.08	1270.24	1855.62	2718.4	3156.75
130	200	4192.69	1309.01	1908.21	2797.33	3248.7
140	200	4298.26	1342.54	1954.21	2860.27	3330.51
150	200	4403.97	1376.52	2000.56	2927.62	3412.33
160	200	4527.53	1416.83	2054.8	3008.4	3506.78
170	200	4571.65	1432	2076.08	3056.5	3543.9
180	200	4618.73	1449.2	2101.02	3107.71	3584.13
190	200	4723.96	1483.09	2146.92	3175.55	3665.09
200	200	4831.02	1517.42	2193.3	3243.6	3747.22
210	200	4935.94	1550.5	2238.09	3305.32	3827.59
220	200	5058.92	1589.96	2290.8	3385.48	3921.05
230	200	5200.15	1635.81	2352.29	3488.04	4029.55
240	200	5347.66	1682.27	2415.1	3583.81	4143.19
250	200	5459.38	1717.59	2462.81	3658.01	4229.41
260	200	5521.92	1737.25	2489.58	3699.48	4278.2
270	200	5532.99	1739.95	2493.98	3701.69	4288.22
280	200	5410.57	1700.92	2440.52	3621.75	4192.58
290	200	5233.81	1644.3	2363.67	3503.52	4055.67
300	200	5023.16	1576.73	2272.22	3360.99	3893.01
310	200	4807.97	1507.4	2178.61	3212.45	3727.18
320	200	4575.81	1433.23	2078.09	3058.25	3547.84
330	200	4447.08	1391.61	2021.85	2970.14	3448.63
340	200	4337.18	1356.06	1973.55	2895.86	3363.47
350	200	4241.16	1325	1931.06	2831.9	3288.65
360	200	4154.21	1296.85	1892.32	2774.34	3220.54
370	200	4104.64	1280.35	1868.38	2736.66	3178.91
380	200	4050.79	1262.66	1843.92	2697.08	3136.33
390	200	3952.9	1231.19	1799.63	2633.77	3057.54
400	200	3860.27	1201.06	1757.71	2570.15	2984.18
410	200	3744.57	1163.12	1705.44	2486.36	2893.57
420	200	3616.33	1120.99	1647.85	2394.5	2794.63
430	200	3513.25	1087.34	1600.93	2319.91	2713.23
440	200	3411.63	1054.29	1554.57	2247.2	2632.69
450	200	3313.78	1022.67	1509.85	2178.88	2554.7
460	200	3221.88	993.247	1467.75	2117.2	2480.84
470	200	3081.45	948.752	1405.93	2032.03	2371.98
480	200	2990.12	919.527	1364.21	1971.59	2298.65
490	200	2906.47	893.035	1326	1919.31	2230.91
500	200	2832.23	869.877	1292.11	1876.7	2170.05
